0.495
0.345
0.635
0.555
[0, 0]
0.36
0.33
0.28
0.49
0.37
0.56
0.62
0.45
0.43
0.34
0.71
0.495
0.35
0.315
0.46
0.355
0.42
0.425
0.35
0.33
0.375
0.285
0.325
0.45
0.54
0.405
0.665
0.395
0.405
0.305
0.235
0.365
0.3
0.355
0.38
0.84
0.375
0.55
0.29
0.59
0.4
0.47
0.435
0.22
0.6
0.365
0.405
0.32
0.295
0.855
0.29
0.3
0.38
0.515
0.535
0.345
0.325
0.49
0.37
0.345
0.445
0.875
0.565
0.33
0.37
0.44
0.665
0.36
0.435
0.355
0.405
0.445
0.585
0.39
0.29
0.285
0.295
0.37
0.45
0.345
0.33
0.29
0.415
0.31
0.54
0.385
0.33
0.335
0.435
0.435
0.335
0.465
0.285
0.23
0.3
0.36
0.54
0.5
0.385
0.345
0.39
0.3
0.46
0.255
0.505
0.335
0.355
0.435
0.325
0.32
0.335
0.46
0.35
0.445
0.665
0.29
0.145
0.47
0.38
0.33
0.51
0.32
0.36
0.56
0.565
0.605
0.5
0.8
[0, 0]
0.365
0.55
0.48
0.73
0.35
0.415
0.37
0.28
0.35
0.65
0.59
0.565
0.42
0.26
0.6
[0, 0]
0.32
0.39
0.405
0.74
0.67
0.445
0.48
0.31
0.285
0.39
0.815
0.35
0.355
0.61
0.31
0.595
0.51
0.515
0.45
0.61
0.4
0.27
0.35
0.415
0.47
0.395
0.48
0.475
0.225
0.365
0.42
0.285
0.3
0.48
0.68
0.56
0.635
0.34
0.345
0.335
0.325
0.355
0.45
0.345
0.46
0.37
0.655
0.54
0.49
0.395
0.415
0.63
0.705
0.72
0.3
0.325
0.415
0.44
0.46
0.28
0.39
0.245
0.675
0.61
0.23
0.595
0.43
0.595
0.35
0.47
0.545
0.29
0.42
0.365
0.425
0.54
0.295
0.515
0.26
0.255
0.44
0.515
0.53
0.33
0.38
0.38
0.31
0.585
0.395
0.325
0.59
0.31
0.395
0.4
0.595
0.3
0.34
0.43
0.39
0.66
0.565
0.545
0.445
0.6
0.365
0.285
0.4
0.385
0.23
0.57
0.39
0.475
0.365
0.345
0.38
0.35
0.625
0.495
0.505
0.405
0.245
0.425
0.36
0.525
0.565
0.335
0.325
0.375
0.54
0.4
0.625
0.685
0.48
0.26
0.495
0.555
0.59
0.34
0.395
0.395
0.355
0.325
0.445
0.675
0.565
0.535
0.355
0.305
0.455
0.595
0.32
0.345
0.485
0.52
0.395
0.3
0.265
0.4
0.455
0.42
0.35
0.545
0.615
0.36
0.335
0.445
0.3
0.53
0.37
0.5
0.51
0.685
0.535
0.54
0.29
0.45
0.38
0.42
0.385
0.625
0.345
0.25
0.51
0.55
0.255
0.71
0.44
0.595
0.35
0.465
0.335
0.355
0.495
0.325
0.425
0.39
0.365
0.68
0.65
0.635
0.35
0.385
0.555
0.87
0.44
0.515
0.53
0.35
0.355
0.395
0.445
0.28
0.25
0.45
0.475
0.535
0.305
0.53
0.565
0.475
0.46
0.47
0.515
0.73
0.42
0.685
0.415
0.54
0.43
0.515
0.66
0.535
0.245
0.355
0.455
0.285
0.5
0.405
0.44
0.32
0.29
0.265
0.34
0.53
0.465
0.66
[0, 0]
0.29
0.41
0.365
0.37
0.315
0.435
0.31
0.635
0.345
0.6
0.37
0.43
0.495
0.435
0.405
0.405
0.63
0.265
0.275
0.425
0.41
0.38
0.575
0.54
0.395
0.535
0.465
0.345
0.545
0.635
0.385
0.645
0.44
0.38
0.605
0.28
0.41
0.44
0.53
0.62
0.4
0.365
0.295
0.34
0.5
0.32
0.29
0.61
0.67
0.52
0.54
0.435
0.29
0.5
0.415
0.465
0.275
0.495
0.395
0.385
0.305
0.51
[0, 0]
0.315
0.48
0.52
0.34
0.37
0.705
0.375
0.38
0.81
0.375
0.32
0.435
0.385
0.34
0.34
0.3
0.36
0.365
0.325
0.47
0.315
0.44
0.405
0.52
0.77
0.51
0.59
0.52
0.58
0.785
0.28
0.375
0.535
0.41
0.295
0.39
0.575
0.495
0.345
0.555
0.4
0.405
0.66
0.45
0.46
0.36
0.315
0.38
0.41
0.295
0.455
0.335
0.45
0.3
0.365
0.365
0.445
0.415
0.51
0.825
0.51
0.31
0.575
0.42
0.485
0.35
0.335
0.58
[0, 0]
0.46
0.76
0.345
0.57
0.44
0.315
0.59
0.305
0.44
0.43
0.56
0.57
0.465
0.42
0.405
0.57
0.3
0.465
0.395
0.33
0.505
0.7
0.345
0.47
0.315
0.51
0.385
0.37
0.245
0.565
0.36
0.325
0.29
0.66
0.36
0.475
0.215
0.53
0.45
0.545
0.265
0.77
0.515
0.405
0.355
0.46
0.285
0.81
0.385
0.355
0.4
0.41
0.315
0.505
0.27
0.49
0.36
0.28
0.335
0.575
0.27
0.42
0.365
0.385
0.365
0.36
0.305
0.335
0.275
0.33
0.405
0.465
0.395
0.29
0.51
0.35
0.55
0.29
0.325
0.41
0.36
0.395
0.61
0.55
0.295
0.405
0.26
0.32
0.38
0.22
0.565
0.57
0.295
0.32
0.265
0.25
0.43
0.395
0.375
0.825
0.5
0.38
0.645
[0, 0]
0.335
0.48
0.645
0.66
0.28
0.375
0.565
0.59
0.58
0.425
0.49
0.385
0.285
0.41
0.62
0.555
[0, 0]
0.41
0.395
0.445
0.495
0.425
0.595
0.54
0.6
0.315
0.355
0.65
0.36
0.335
0.45
0.425
0.3
0.24
0.26
0.455
0.445
0.505
[0, 0]
0.43
0.51
0.335
0.325
0.46
0.37
0.57
0.385
0.51
0.515
0.405
0.295
0.45
0.255
0.41
0.38
0.3
0.535
0.395
0.425
0.495
0.365
0.295
0.34
0.49
0.205
0.445
0.71
0.345
0.43
0.435
0.29
0.535
0.395
0.5
0.265
0.265
0.31
0.32
0.355
0.29
0.55
0.445
0.385
0.335
0.445
0.36
0.285
0.36
0.38
0.33
0.315
0.38
0.36
0.33
0.305
0.405
0.34
0.48
0.37
0.515
0.575
0.785
0.42
0.31
0.47
0.335
0.47
0.54
[0, 0]
0.3
0.47
0.36
0.43
0.365
0.315
0.47
0.43
0.54
0.525
0.455
0.37
0.345
0.33
0.355
0.33
0.38
0.42
0.66
